# 1. q 2.-3. Q 4.-5. V
# Time = 0.0000000000000000e+00	us = 0.0000000000000000e+00	qs = 0.0000000000000000e+00	l = 1.0000000000000000e+00

-3.1415926535897931e+00	7.4535599249992990e-01	-4.0568792464015007e-17	5.0000000000000000e-01	1.2246467991473532e-16
-3.1170489609836229e+00	7.4542252560049549e-01	-8.1314192566873597e-03	4.9939772810258620e-01	2.4533837163709046e-02
-3.0925052683774528e+00	7.4562230517047945e-01	-1.6267921259492162e-02	4.9759236333609846e-01	4.9008570164780253e-02
-3.0679615757712821e+00	7.4595587322057411e-01	-2.4414602963225961e-02	4.9458825498239045e-01	7.3365237227681193e-02
-3.0434178831651120e+00	7.4642413713651279e-01	-3.2576589822320007e-02	4.9039264020161516e-01	9.7545161008064360e-02
-3.0188741905589418e+00	7.4702837578425429e-01	-4.0759050246864589e-02	4.8501562659727199e-01	1.2149008995163209e-01
-2.9943304979527716e+00	7.4777024816498361e-01	-4.8967210307933537e-02	4.7847016786610441e-01	1.4514233862723125e-01
-2.9697868053466014e+00	7.4865180473029780e-01	-5.7206368778312769e-02	4.7077203259151040e-01	1.6844492669611000e-01
-2.9452431127404308e+00	7.4967550150333107e-01	-6.5481912597340125e-02	4.6193976625564326e-01	1.9134171618254520e-01
-2.9206994201342606e+00	7.5084421718998429e-01	-7.3799332851795824e-02	4.5199464656172156e-01	2.1377754671514126e-01
-2.8961557275280905e+00	7.5216127350675266e-01	-8.2164241368655397e-02	4.4096063217417741e-01	2.3569836841299896e-01
-2.8716120349219203e+00	7.5363045899883541e-01	-9.0582388019994589e-02	4.2886430500013600e-01	2.5705137209661094e-01
-2.8470683423157501e+00	7.5525605667543660e-01	-9.9059678845409158e-02	4.1573480615127262e-01	2.7778511650980109e-01
-2.8225246497095799e+00	7.5704287584972541e-01	-1.0760219510290607e-01	4.0160376574032253e-01	2.9784965224621662e-01
-2.7979809571034093e+00	7.5899628864041624e-01	-1.1621621336526398e-01	3.8650522668136833e-01	3.1719664208182297e-01
-2.7734372644972392e+00	7.6112227167222402e-01	-1.2490822678521490e-01	3.7047556267747944e-01	3.3577947742350933e-01
-2.7488935718910690e+00	7.6342745360581754e-01	-1.3368496765927823e-01	3.5355339059327368e-01	3.5355339059327384e-01
-2.7243498792848988e+00	7.6591916923706893e-01	-1.4255343142639446e-01	3.3577947742350917e-01	3.7047556267747955e-01
-2.6998061866787286e+00	7.6860552103370172e-01	-1.5152090224326906e-01	3.1719664208182280e-01	3.8650522668136844e-01
-2.6752624940725580e+00	7.7149544912895929e-01	-1.6059498028297295e-01	2.9784965224621646e-01	4.0160376574032264e-01
-2.6507188014663878e+00	7.7459881097162597e-01	-1.6978361090605215e-01	2.7778511650980092e-01	4.1573480615127273e-01
-2.6261751088602177e+00	7.7792647204581289e-01	-1.7909511585306956e-01	2.5705137209661078e-01	4.2886430500013611e-01
-2.6016314162540475e+00	7.8149040933000635e-01	-1.8853822660256139e-01	2.3569836841299879e-01	4.4096063217417752e-01
-2.5770877236478773e+00	7.8530382947245714e-01	-1.9812212002669097e-01	2.1377754671514107e-01	4.5199464656172167e-01
-2.5525440310417071e+00	7.8938130403097961e-01	-2.0785645645541115e-01	1.9134171618254500e-01	4.6193976625564331e-01
-2.5280003384355365e+00	7.9373892457449746e-01	-2.1775142022453378e-01	1.6844492669610980e-01	4.7077203259151046e-01
-2.5034566458293663e+00	7.9839448099007870e-01	-2.2781776272796581e-01	1.4514233862723103e-01	4.7847016786610447e-01
-2.4789129532231962e+00	8.0336766700653772e-01	-2.3806684791146815e-01	1.2149008995163188e-01	4.8501562659727199e-01
-2.4543692606170260e+00	8.0868031776428395e-01	-2.4851070002338710e-01	9.7545161008064152e-02	4.9039264020161522e-01
-2.4298255680108558e+00	8.1435668526975635e-01	-2.5916205326126907e-01	7.3365237227680971e-02	4.9458825498239045e-01
-2.4052818754046852e+00	8.2042375882127716e-01	-2.7003440270008183e-01	4.9008570164780045e-02	4.9759236333609846e-01
-2.3807381827985150e+00	8.2691163904583032e-01	-2.8114205552701277e-01	2.4533837163708831e-02	4.9939772810258620e-01
-2.3561944901923448e+00	8.3385397612651757e-01	-2.9250018109571718e-01	-9.1848509936051484e-17	5.0000000000000000e-01
-2.3316507975861747e+00	8.4128848523699096e-01	-3.0412485758718444e-01	-2.4533837163709014e-02	4.9939772810258620e-01
-2.3071071049800045e+00	8.4925755527444691e-01	-3.1603311203605683e-01	-4.9008570164780225e-02	4.9759236333609846e-01
-2.2825634123738339e+00	8.5780897088417307e-01	-3.2824294902211820e-01	-7.3365237227681152e-02	4.9458825498239045e-01
-2.2580197197676637e+00	8.6699677274393350e-01	-3.4077336125107444e-01	-9.7545161008064332e-02	4.9039264020161516e-01
-2.2334760271614935e+00	8.7688228745447305e-01	-3.5364431228559667e-01	-1.2149008995163206e-01	4.8501562659727199e-01
-2.2089323345553233e+00	8.8753536660125376e-01	-3.6687667743804692e-01	-1.4514233862723122e-01	4.7847016786610441e-01
-2.1843886419491532e+00	8.9903588519745936e-01	-3.8049212270858757e-01	-1.6844492669610997e-01	4.7077203259151040e-01
-2.1598449493429825e+00	9.1147556357255044e-01	-3.9451289276051904e-01	-1.9134171618254517e-01	4.6193976625564326e-01
-2.1353012567368124e+00	9.2496019488189440e-01	-4.0896146592973642e-01	-2.1377754671514124e-01	4.5199464656172156e-01
-2.1107575641306422e+00	9.3961238417838722e-01	-4.2386001512311522e-01	-2.3569836841299893e-01	4.4096063217417747e-01
-2.0862138715244720e+00	9.5557493625503698e-01	-4.3922958501817189e-01	-2.5705137209661089e-01	4.2886430500013600e-01
-2.0616701789183018e+00	9.7301507064657611e-01	-4.5508885331567117e-01	-2.7778511650980109e-01	4.1573480615127262e-01
-2.0371264863121317e+00	9.9212969631508208e-01	-4.7145227916059385e-01	-2.9784965224621657e-01	4.0160376574032253e-01
-2.0125827937059610e+00	1.0131520492804083e+00	-4.8832734285712281e-01	-3.1719664208182297e-01	3.8650522668136833e-01
-1.9880391010997909e+00	1.0363600876307104e+00	-5.0571042768013286e-01	-3.3577947742350933e-01	3.7047556267747944e-01
-1.9634954084936207e+00	1.0620871527225344e+00	-5.2358065431665113e-01	-3.5355339059327384e-01	3.5355339059327373e-01
-1.9389517158874505e+00	1.0907355412570301e+00	-5.4189059747863910e-01	-3.7047556267747955e-01	3.3577947742350922e-01
-1.9144080232812801e+00	1.1227937758875679e+00	-5.6055220310375242e-01	-3.8650522668136855e-01	3.1719664208182263e-01
-1.8898643306751099e+00	1.1588584654886476e+00	-5.7941523398048111e-01	-4.0160376574032247e-01	2.9784965224621662e-01
-1.8653206380689396e+00	1.1996615863518043e+00	-5.9823395281000480e-01	-4.1573480615127273e-01	2.7778511650980098e-01
-1.8407769454627694e+00	1.2461034876668664e+00	-6.1661509657627223e-01	-4.2886430500013606e-01	2.5705137209661078e-01
-1.8162332528565992e+00	1.2992902065477026e+00	-6.3393586368719967e-01	-4.4096063217417752e-01	2.3569836841299882e-01
-1.7916895602504288e+00	1.3605690958705561e+00	-6.4921372584580594e-01	-4.5199464656172172e-01	2.1377754671514090e-01
-1.7671458676442586e+00	1.4315455249259521e+00	-6.6089952060853918e-01	-4.6193976625564342e-01	1.9134171618254484e-01
-1.7426021750380885e+00	1.5140371913299562e+00	-6.6655220576302809e-01	-4.7077203259151040e-01	1.6844492669611005e-01
-1.7180584824319181e+00	1.6098645268173184e+00	-6.6234610613638334e-01	-4.7847016786610447e-01	1.4514233862723105e-01
-1.6935147898257479e+00	1.7202579754264944e+00	-6.4239394987041187e-01	-4.8501562659727199e-01	1.2149008995163191e-01
-1.6689710972195777e+00	1.8444688633134472e+00	-5.9805004978033260e-01	-4.9039264020161522e-01	9.7545161008064180e-02
-1.6444274046134073e+00	1.9770327034204225e+00	-5.1793896344874069e-01	-4.9458825498239051e-01	7.3365237227680791e-02
-1.6198837120072371e+00	2.1037711864908024e+00	-3.9066521096973644e-01	-4.9759236333609846e-01	4.9008570164780295e-02
-1.5953400194010667e+00	2.1996453430314098e+00	-2.1281695055790306e-01	-4.9939772810258620e-01	2.4533837163708862e-02
-1.5707963267948966e+00	2.2360679774997902e+00	5.4767869826420298e-16	-5.0000000000000000e-01	-6.1232339957367660e-17
-1.5462526341887264e+00	2.1996453430314094e+00	2.1281695055790406e-01	-4.9939772810258620e-01	-2.4533837163708983e-02
-1.5217089415825560e+00	2.1037711864908020e+00	3.9066521096973744e-01	-4.9759236333609841e-01	-4.9008570164780413e-02
-1.4971652489763858e+00	1.9770327034204216e+00	5.1793896344874113e-01	-4.9458825498239051e-01	-7.3365237227680902e-02
-1.4726215563702154e+00	1.8444688633134469e+00	5.9805004978033305e-01	-4.9039264020161522e-01	-9.7545161008064304e-02
-1.4480778637640452e+00	1.7202579754264937e+00	6.4239394987041198e-01	-4.8501562659727199e-01	-1.2149008995163203e-01
-1.4235341711578751e+00	1.6098645268173175e+00	6.6234610613638312e-01	-4.7847016786610441e-01	-1.4514233862723119e-01
-1.3989904785517047e+00	1.5140371913299557e+00	6.6655220576302820e-01	-4.7077203259151035e-01	-1.6844492669611016e-01
-1.3744467859455345e+00	1.4315455249259517e+00	6.6089952060853907e-01	-4.6193976625564337e-01	-1.9134171618254495e-01
-1.3499030933393643e+00	1.3605690958705556e+00	6.4921372584580572e-01	-4.5199464656172167e-01	-2.1377754671514101e-01
-1.3253594007331939e+00	1.2992902065477023e+00	6.3393586368719956e-01	-4.4096063217417747e-01	-2.3569836841299893e-01
-1.3008157081270237e+00	1.2461034876668660e+00	6.1661509657627211e-01	-4.2886430500013600e-01	-2.5705137209661089e-01
-1.2762720155208536e+00	1.1996615863518043e+00	5.9823395281000469e-01	-4.1573480615127267e-01	-2.7778511650980109e-01
-1.2517283229146832e+00	1.1588584654886476e+00	5.7941523398048123e-01	-4.0160376574032242e-01	-2.9784965224621673e-01
-1.2271846303085130e+00	1.1227937758875679e+00	5.6055220310375242e-01	-3.8650522668136850e-01	-3.1719664208182274e-01
-1.2026409377023426e+00	1.0907355412570299e+00	5.4189059747863888e-01	-3.7047556267747944e-01	-3.3577947742350928e-01
-1.1780972450961724e+00	1.0620871527225344e+00	5.2358065431665102e-01	-3.5355339059327373e-01	-3.5355339059327379e-01
-1.1535535524900022e+00	1.0363600876307102e+00	5.0571042768013275e-01	-3.3577947742350922e-01	-3.7047556267747950e-01
-1.1290098598838318e+00	1.0131520492804078e+00	4.8832734285712254e-01	-3.1719664208182269e-01	-3.8650522668136855e-01
-1.1044661672776617e+00	9.9212969631508230e-01	4.7145227916059396e-01	-2.9784965224621668e-01	-4.0160376574032247e-01
-1.0799224746714913e+00	9.7301507064657589e-01	4.5508885331567112e-01	-2.7778511650980098e-01	-4.1573480615127273e-01
-1.0553787820653211e+00	9.5557493625503698e-01	4.3922958501817183e-01	-2.5705137209661083e-01	-4.2886430500013606e-01
-1.0308350894591509e+00	9.3961238417838722e-01	4.2386001512311527e-01	-2.3569836841299885e-01	-4.4096063217417752e-01
-1.0062913968529805e+00	9.2496019488189418e-01	4.0896146592973620e-01	-2.1377754671514093e-01	-4.5199464656172172e-01
-9.8174770424681035e-01	9.1147556357255011e-01	3.9451289276051865e-01	-1.9134171618254486e-01	-4.6193976625564337e-01
-9.5720401164064006e-01	8.9903588519745936e-01	3.8049212270858757e-01	-1.6844492669610997e-01	-4.7077203259151040e-01
-9.3266031903446978e-01	8.8753536660125376e-01	3.6687667743804692e-01	-1.4514233862723108e-01	-4.7847016786610447e-01
-9.0811662642829960e-01	8.7688228745447294e-01	3.5364431228559651e-01	-1.2149008995163194e-01	-4.8501562659727199e-01
-8.8357293382212931e-01	8.6699677274393327e-01	3.4077336125107427e-01	-9.7545161008064096e-02	-4.9039264020161522e-01
-8.5902924121595903e-01	8.5780897088417296e-01	3.2824294902211787e-01	-7.3365237227680818e-02	-4.9458825498239051e-01
-8.3448554860978885e-01	8.4925755527444691e-01	3.1603311203605683e-01	-4.9008570164780323e-02	-4.9759236333609846e-01
-8.0994185600361857e-01	8.4128848523699096e-01	3.0412485758718444e-01	-2.4533837163709004e-02	-4.9939772810258620e-01
-7.8539816339744828e-01	8.3385397612651757e-01	2.9250018109571718e-01	3.0616169978683830e-17	-5.0000000000000000e-01
-7.6085447079127799e-01	8.2691163904583032e-01	2.8114205552701277e-01	2.4533837163709063e-02	-4.9939772810258620e-01
-7.3631077818510771e-01	8.2042375882127716e-01	2.7003440270008183e-01	4.9008570164780385e-02	-4.9759236333609841e-01
-7.1176708557893753e-01	8.1435668526975635e-01	2.5916205326126912e-01	7.3365237227680874e-02	-4.9458825498239051e-01
-6.8722339297276724e-01	8.0868031776428395e-01	2.4851070002338710e-01	9.7545161008064166e-02	-4.9039264020161522e-01
-6.6267970036659696e-01	8.0336766700653772e-01	2.3806684791146815e-01	1.2149008995163199e-01	-4.8501562659727199e-01
-6.3813600776042678e-01	7.9839448099007870e-01	2.2781776272796581e-01	1.4514233862723117e-01	-4.7847016786610447e-01
-6.1359231515425650e-01	7.9373892457449724e-01	2.1775142022453364e-01	1.6844492669611003e-01	-4.7077203259151040e-01
-5.8904862254808621e-01	7.8938130403097950e-01	2.0785645645541115e-01	1.9134171618254492e-01	-4.6193976625564337e-01
-5.6450492994191592e-01	7.8530382947245714e-01	1.9812212002669097e-01	2.1377754671514110e-01	-4.5199464656172167e-01
-5.3996123733574564e-01	7.8149040933000646e-01	1.8853822660256139e-01	2.3569836841299890e-01	-4.4096063217417747e-01
-5.1541754472957546e-01	7.7792647204581289e-01	1.7909511585306950e-01	2.5705137209661083e-01	-4.2886430500013606e-01
-4.9087385212340517e-01	7.7459881097162597e-01	1.6978361090605210e-01	2.7778511650980114e-01	-4.1573480615127262e-01
-4.6633015951723489e-01	7.7149544912895929e-01	1.6059498028297281e-01	2.9784965224621673e-01	-4.0160376574032242e-01
-4.4178646691106466e-01	7.6860552103370172e-01	1.5152090224326908e-01	3.1719664208182274e-01	-3.8650522668136850e-01
-4.1724277430489443e-01	7.6591916923706893e-01	1.4255343142639446e-01	3.3577947742350917e-01	-3.7047556267747955e-01
-3.9269908169872414e-01	7.6342745360581754e-01	1.3368496765927823e-01	3.5355339059327379e-01	-3.5355339059327373e-01
-3.6815538909255385e-01	7.6112227167222390e-01	1.2490822678521478e-01	3.7047556267747955e-01	-3.3577947742350917e-01
-3.4361169648638362e-01	7.5899628864041624e-01	1.1621621336526392e-01	3.8650522668136850e-01	-3.1719664208182274e-01
-3.1906800388021339e-01	7.5704287584972529e-01	1.0760219510290607e-01	4.0160376574032247e-01	-2.9784965224621668e-01
-2.9452431127404310e-01	7.5525605667543660e-01	9.9059678845409158e-02	4.1573480615127262e-01	-2.7778511650980109e-01
-2.6998061866787282e-01	7.5363045899883541e-01	9.0582388019994547e-02	4.2886430500013606e-01	-2.5705137209661083e-01
-2.4543692606170259e-01	7.5216127350675266e-01	8.2164241368655355e-02	4.4096063217417752e-01	-2.3569836841299882e-01
-2.2089323345553233e-01	7.5084421718998429e-01	7.3799332851795754e-02	4.5199464656172167e-01	-2.1377754671514104e-01
-1.9634954084936207e-01	7.4967550150333095e-01	6.5481912597340000e-02	4.6193976625564337e-01	-1.9134171618254489e-01
-1.7180584824319181e-01	7.4865180473029780e-01	5.7206368778312776e-02	4.7077203259151040e-01	-1.6844492669611003e-01
-1.4726215563702155e-01	7.4777024816498361e-01	4.8967210307933509e-02	4.7847016786610441e-01	-1.4514233862723117e-01
-1.2271846303085129e-01	7.4702837578425429e-01	4.0759050246864541e-02	4.8501562659727199e-01	-1.2149008995163194e-01
-9.8174770424681035e-02	7.4642413713651268e-01	3.2576589822319903e-02	4.9039264020161522e-01	-9.7545161008064124e-02
-7.3631077818510776e-02	7.4595587322057411e-01	2.4414602963225857e-02	4.9458825498239051e-01	-7.3365237227680874e-02
-4.9087385212340517e-02	7.4562230517047945e-01	1.6267921259492179e-02	4.9759236333609846e-01	-4.9008570164780302e-02
-2.4543692606170259e-02	7.4542252560049549e-01	8.1314192566873458e-03	4.9939772810258620e-01	-2.4533837163709007e-02
0.0000000000000000e+00	7.4535599249992990e-01	0.0000000000000000e+00	5.0000000000000000e-01	0.0000000000000000e+00
2.4543692606170259e-02	7.4542252560049549e-01	-8.1314192566873458e-03	4.9939772810258620e-01	2.4533837163709007e-02
4.9087385212340517e-02	7.4562230517047945e-01	-1.6267921259492179e-02	4.9759236333609846e-01	4.9008570164780302e-02
7.3631077818510776e-02	7.4595587322057411e-01	-2.4414602963225857e-02	4.9458825498239051e-01	7.3365237227680874e-02
9.8174770424681035e-02	7.4642413713651268e-01	-3.2576589822319903e-02	4.9039264020161522e-01	9.7545161008064124e-02
1.2271846303085129e-01	7.4702837578425429e-01	-4.0759050246864541e-02	4.8501562659727199e-01	1.2149008995163194e-01
1.4726215563702155e-01	7.4777024816498361e-01	-4.8967210307933509e-02	4.7847016786610441e-01	1.4514233862723117e-01
1.7180584824319181e-01	7.4865180473029780e-01	-5.7206368778312776e-02	4.7077203259151040e-01	1.6844492669611003e-01
1.9634954084936207e-01	7.4967550150333095e-01	-6.5481912597340000e-02	4.6193976625564337e-01	1.9134171618254489e-01
2.2089323345553233e-01	7.5084421718998429e-01	-7.3799332851795754e-02	4.5199464656172167e-01	2.1377754671514104e-01
2.4543692606170259e-01	7.5216127350675266e-01	-8.2164241368655355e-02	4.4096063217417752e-01	2.3569836841299882e-01
2.6998061866787282e-01	7.5363045899883541e-01	-9.0582388019994547e-02	4.2886430500013606e-01	2.5705137209661083e-01
2.9452431127404310e-01	7.5525605667543660e-01	-9.9059678845409158e-02	4.1573480615127262e-01	2.7778511650980109e-01
3.1906800388021339e-01	7.5704287584972529e-01	-1.0760219510290607e-01	4.0160376574032247e-01	2.9784965224621668e-01
3.4361169648638362e-01	7.5899628864041624e-01	-1.1621621336526392e-01	3.8650522668136850e-01	3.1719664208182274e-01
3.6815538909255385e-01	7.6112227167222390e-01	-1.2490822678521478e-01	3.7047556267747955e-01	3.3577947742350917e-01
3.9269908169872414e-01	7.6342745360581754e-01	-1.3368496765927823e-01	3.5355339059327379e-01	3.5355339059327373e-01
4.1724277430489443e-01	7.6591916923706893e-01	-1.4255343142639446e-01	3.3577947742350917e-01	3.7047556267747955e-01
4.4178646691106466e-01	7.6860552103370172e-01	-1.5152090224326908e-01	3.1719664208182274e-01	3.8650522668136850e-01
4.6633015951723489e-01	7.7149544912895929e-01	-1.6059498028297281e-01	2.9784965224621673e-01	4.0160376574032242e-01
4.9087385212340517e-01	7.7459881097162597e-01	-1.6978361090605210e-01	2.7778511650980114e-01	4.1573480615127262e-01
5.1541754472957546e-01	7.7792647204581289e-01	-1.7909511585306950e-01	2.5705137209661083e-01	4.2886430500013606e-01
5.3996123733574564e-01	7.8149040933000646e-01	-1.8853822660256139e-01	2.3569836841299890e-01	4.4096063217417747e-01
5.6450492994191592e-01	7.8530382947245714e-01	-1.9812212002669097e-01	2.1377754671514110e-01	4.5199464656172167e-01
5.8904862254808621e-01	7.8938130403097950e-01	-2.0785645645541115e-01	1.9134171618254492e-01	4.6193976625564337e-01
6.1359231515425650e-01	7.9373892457449724e-01	-2.1775142022453364e-01	1.6844492669611003e-01	4.7077203259151040e-01
6.3813600776042678e-01	7.9839448099007870e-01	-2.2781776272796581e-01	1.4514233862723117e-01	4.7847016786610447e-01
6.6267970036659696e-01	8.0336766700653772e-01	-2.3806684791146815e-01	1.2149008995163199e-01	4.8501562659727199e-01
6.8722339297276724e-01	8.0868031776428395e-01	-2.4851070002338710e-01	9.7545161008064166e-02	4.9039264020161522e-01
7.1176708557893753e-01	8.1435668526975635e-01	-2.5916205326126912e-01	7.3365237227680874e-02	4.9458825498239051e-01
7.3631077818510771e-01	8.2042375882127716e-01	-2.7003440270008183e-01	4.9008570164780385e-02	4.9759236333609841e-01
7.6085447079127799e-01	8.2691163904583032e-01	-2.8114205552701277e-01	2.4533837163709063e-02	4.9939772810258620e-01
7.8539816339744828e-01	8.3385397612651757e-01	-2.9250018109571718e-01	3.0616169978683830e-17	5.0000000000000000e-01
8.0994185600361857e-01	8.4128848523699096e-01	-3.0412485758718444e-01	-2.4533837163709004e-02	4.9939772810258620e-01
8.3448554860978885e-01	8.4925755527444691e-01	-3.1603311203605683e-01	-4.9008570164780323e-02	4.9759236333609846e-01
8.5902924121595903e-01	8.5780897088417296e-01	-3.2824294902211787e-01	-7.3365237227680818e-02	4.9458825498239051e-01
8.8357293382212931e-01	8.6699677274393327e-01	-3.4077336125107427e-01	-9.7545161008064096e-02	4.9039264020161522e-01
9.0811662642829960e-01	8.7688228745447294e-01	-3.5364431228559651e-01	-1.2149008995163194e-01	4.8501562659727199e-01
9.3266031903446978e-01	8.8753536660125376e-01	-3.6687667743804692e-01	-1.4514233862723108e-01	4.7847016786610447e-01
9.5720401164064006e-01	8.9903588519745936e-01	-3.8049212270858757e-01	-1.6844492669610997e-01	4.7077203259151040e-01
9.8174770424681035e-01	9.1147556357255011e-01	-3.9451289276051865e-01	-1.9134171618254486e-01	4.6193976625564337e-01
1.0062913968529805e+00	9.2496019488189418e-01	-4.0896146592973620e-01	-2.1377754671514093e-01	4.5199464656172172e-01
1.0308350894591509e+00	9.3961238417838722e-01	-4.2386001512311527e-01	-2.3569836841299885e-01	4.4096063217417752e-01
1.0553787820653211e+00	9.5557493625503698e-01	-4.3922958501817183e-01	-2.5705137209661083e-01	4.2886430500013606e-01
1.0799224746714913e+00	9.7301507064657589e-01	-4.5508885331567112e-01	-2.7778511650980098e-01	4.1573480615127273e-01
1.1044661672776617e+00	9.9212969631508230e-01	-4.7145227916059396e-01	-2.9784965224621668e-01	4.0160376574032247e-01
1.1290098598838318e+00	1.0131520492804078e+00	-4.8832734285712254e-01	-3.1719664208182269e-01	3.8650522668136855e-01
1.1535535524900022e+00	1.0363600876307102e+00	-5.0571042768013275e-01	-3.3577947742350922e-01	3.7047556267747950e-01
1.1780972450961724e+00	1.0620871527225344e+00	-5.2358065431665102e-01	-3.5355339059327373e-01	3.5355339059327379e-01
1.2026409377023426e+00	1.0907355412570299e+00	-5.4189059747863888e-01	-3.7047556267747944e-01	3.3577947742350928e-01
1.2271846303085130e+00	1.1227937758875679e+00	-5.6055220310375242e-01	-3.8650522668136850e-01	3.1719664208182274e-01
1.2517283229146832e+00	1.1588584654886476e+00	-5.7941523398048123e-01	-4.0160376574032242e-01	2.9784965224621673e-01
1.2762720155208536e+00	1.1996615863518043e+00	-5.9823395281000469e-01	-4.1573480615127267e-01	2.7778511650980109e-01
1.3008157081270237e+00	1.2461034876668660e+00	-6.1661509657627211e-01	-4.2886430500013600e-01	2.5705137209661089e-01
1.3253594007331939e+00	1.2992902065477023e+00	-6.3393586368719956e-01	-4.4096063217417747e-01	2.3569836841299893e-01
1.3499030933393643e+00	1.3605690958705556e+00	-6.4921372584580572e-01	-4.5199464656172167e-01	2.1377754671514101e-01
1.3744467859455345e+00	1.4315455249259517e+00	-6.6089952060853907e-01	-4.6193976625564337e-01	1.9134171618254495e-01
1.3989904785517047e+00	1.5140371913299557e+00	-6.6655220576302820e-01	-4.7077203259151035e-01	1.6844492669611016e-01
1.4235341711578751e+00	1.6098645268173175e+00	-6.6234610613638312e-01	-4.7847016786610441e-01	1.4514233862723119e-01
1.4480778637640452e+00	1.7202579754264937e+00	-6.4239394987041198e-01	-4.8501562659727199e-01	1.2149008995163203e-01
1.4726215563702154e+00	1.8444688633134469e+00	-5.9805004978033305e-01	-4.9039264020161522e-01	9.7545161008064304e-02
1.4971652489763858e+00	1.9770327034204216e+00	-5.1793896344874113e-01	-4.9458825498239051e-01	7.3365237227680902e-02
1.5217089415825560e+00	2.1037711864908020e+00	-3.9066521096973744e-01	-4.9759236333609841e-01	4.9008570164780413e-02
1.5462526341887264e+00	2.1996453430314094e+00	-2.1281695055790406e-01	-4.9939772810258620e-01	2.4533837163708983e-02
1.5707963267948966e+00	2.2360679774997902e+00	-5.4767869826420298e-16	-5.0000000000000000e-01	6.1232339957367660e-17
1.5953400194010667e+00	2.1996453430314098e+00	2.1281695055790306e-01	-4.9939772810258620e-01	-2.4533837163708862e-02
1.6198837120072371e+00	2.1037711864908024e+00	3.9066521096973644e-01	-4.9759236333609846e-01	-4.9008570164780295e-02
1.6444274046134073e+00	1.9770327034204225e+00	5.1793896344874069e-01	-4.9458825498239051e-01	-7.3365237227680791e-02
1.6689710972195777e+00	1.8444688633134472e+00	5.9805004978033260e-01	-4.9039264020161522e-01	-9.7545161008064180e-02
1.6935147898257479e+00	1.7202579754264944e+00	6.4239394987041187e-01	-4.8501562659727199e-01	-1.2149008995163191e-01
1.7180584824319181e+00	1.6098645268173184e+00	6.6234610613638334e-01	-4.7847016786610447e-01	-1.4514233862723105e-01
1.7426021750380885e+00	1.5140371913299562e+00	6.6655220576302809e-01	-4.7077203259151040e-01	-1.6844492669611005e-01
1.7671458676442586e+00	1.4315455249259521e+00	6.6089952060853918e-01	-4.6193976625564342e-01	-1.9134171618254484e-01
1.7916895602504288e+00	1.3605690958705561e+00	6.4921372584580594e-01	-4.5199464656172172e-01	-2.1377754671514090e-01
1.8162332528565992e+00	1.2992902065477026e+00	6.3393586368719967e-01	-4.4096063217417752e-01	-2.3569836841299882e-01
1.8407769454627694e+00	1.2461034876668664e+00	6.1661509657627223e-01	-4.2886430500013606e-01	-2.5705137209661078e-01
1.8653206380689396e+00	1.1996615863518043e+00	5.9823395281000480e-01	-4.1573480615127273e-01	-2.7778511650980098e-01
1.8898643306751099e+00	1.1588584654886476e+00	5.7941523398048111e-01	-4.0160376574032247e-01	-2.9784965224621662e-01
1.9144080232812801e+00	1.1227937758875679e+00	5.6055220310375242e-01	-3.8650522668136855e-01	-3.1719664208182263e-01
1.9389517158874505e+00	1.0907355412570301e+00	5.4189059747863910e-01	-3.7047556267747955e-01	-3.3577947742350922e-01
1.9634954084936207e+00	1.0620871527225344e+00	5.2358065431665113e-01	-3.5355339059327384e-01	-3.5355339059327373e-01
1.9880391010997909e+00	1.0363600876307104e+00	5.0571042768013286e-01	-3.3577947742350933e-01	-3.7047556267747944e-01
2.0125827937059610e+00	1.0131520492804083e+00	4.8832734285712281e-01	-3.1719664208182297e-01	-3.8650522668136833e-01
2.0371264863121317e+00	9.9212969631508208e-01	4.7145227916059385e-01	-2.9784965224621657e-01	-4.0160376574032253e-01
2.0616701789183018e+00	9.7301507064657611e-01	4.5508885331567117e-01	-2.7778511650980109e-01	-4.1573480615127262e-01
2.0862138715244720e+00	9.5557493625503698e-01	4.3922958501817189e-01	-2.5705137209661089e-01	-4.2886430500013600e-01
2.1107575641306422e+00	9.3961238417838722e-01	4.2386001512311522e-01	-2.3569836841299893e-01	-4.4096063217417747e-01
2.1353012567368124e+00	9.2496019488189440e-01	4.0896146592973642e-01	-2.1377754671514124e-01	-4.5199464656172156e-01
2.1598449493429825e+00	9.1147556357255044e-01	3.9451289276051904e-01	-1.9134171618254517e-01	-4.6193976625564326e-01
2.1843886419491532e+00	8.9903588519745936e-01	3.8049212270858757e-01	-1.6844492669610997e-01	-4.7077203259151040e-01
2.2089323345553233e+00	8.8753536660125376e-01	3.6687667743804692e-01	-1.4514233862723122e-01	-4.7847016786610441e-01
2.2334760271614935e+00	8.7688228745447305e-01	3.5364431228559667e-01	-1.2149008995163206e-01	-4.8501562659727199e-01
2.2580197197676637e+00	8.6699677274393350e-01	3.4077336125107444e-01	-9.7545161008064332e-02	-4.9039264020161516e-01
2.2825634123738339e+00	8.5780897088417307e-01	3.2824294902211820e-01	-7.3365237227681152e-02	-4.9458825498239045e-01
2.3071071049800045e+00	8.4925755527444691e-01	3.1603311203605683e-01	-4.9008570164780225e-02	-4.9759236333609846e-01
2.3316507975861747e+00	8.4128848523699096e-01	3.0412485758718444e-01	-2.4533837163709014e-02	-4.9939772810258620e-01
2.3561944901923448e+00	8.3385397612651757e-01	2.9250018109571718e-01	-9.1848509936051484e-17	-5.0000000000000000e-01
2.3807381827985150e+00	8.2691163904583032e-01	2.8114205552701277e-01	2.4533837163708831e-02	-4.9939772810258620e-01
2.4052818754046852e+00	8.2042375882127716e-01	2.7003440270008183e-01	4.9008570164780045e-02	-4.9759236333609846e-01
2.4298255680108558e+00	8.1435668526975635e-01	2.5916205326126907e-01	7.3365237227680971e-02	-4.9458825498239045e-01
2.4543692606170260e+00	8.0868031776428395e-01	2.4851070002338710e-01	9.7545161008064152e-02	-4.9039264020161522e-01
2.4789129532231962e+00	8.0336766700653772e-01	2.3806684791146815e-01	1.2149008995163188e-01	-4.8501562659727199e-01
2.5034566458293663e+00	7.9839448099007870e-01	2.2781776272796581e-01	1.4514233862723103e-01	-4.7847016786610447e-01
2.5280003384355365e+00	7.9373892457449746e-01	2.1775142022453378e-01	1.6844492669610980e-01	-4.7077203259151046e-01
2.5525440310417071e+00	7.8938130403097961e-01	2.0785645645541115e-01	1.9134171618254500e-01	-4.6193976625564331e-01
2.5770877236478773e+00	7.8530382947245714e-01	1.9812212002669097e-01	2.1377754671514107e-01	-4.5199464656172167e-01
2.6016314162540475e+00	7.8149040933000635e-01	1.8853822660256139e-01	2.3569836841299879e-01	-4.4096063217417752e-01
2.6261751088602177e+00	7.7792647204581289e-01	1.7909511585306956e-01	2.5705137209661078e-01	-4.2886430500013611e-01
2.6507188014663878e+00	7.7459881097162597e-01	1.6978361090605215e-01	2.7778511650980092e-01	-4.1573480615127273e-01
2.6752624940725580e+00	7.7149544912895929e-01	1.6059498028297295e-01	2.9784965224621646e-01	-4.0160376574032264e-01
2.6998061866787286e+00	7.6860552103370172e-01	1.5152090224326906e-01	3.1719664208182280e-01	-3.8650522668136844e-01
2.7243498792848988e+00	7.6591916923706893e-01	1.4255343142639446e-01	3.3577947742350917e-01	-3.7047556267747955e-01
2.7488935718910690e+00	7.6342745360581754e-01	1.3368496765927823e-01	3.5355339059327368e-01	-3.5355339059327384e-01
2.7734372644972392e+00	7.6112227167222402e-01	1.2490822678521490e-01	3.7047556267747944e-01	-3.3577947742350933e-01
2.7979809571034093e+00	7.5899628864041624e-01	1.1621621336526398e-01	3.8650522668136833e-01	-3.1719664208182297e-01
2.8225246497095799e+00	7.5704287584972541e-01	1.0760219510290607e-01	4.0160376574032253e-01	-2.9784965224621662e-01
2.8470683423157501e+00	7.5525605667543660e-01	9.9059678845409158e-02	4.1573480615127262e-01	-2.7778511650980109e-01
2.8716120349219203e+00	7.5363045899883541e-01	9.0582388019994589e-02	4.2886430500013600e-01	-2.5705137209661094e-01
2.8961557275280905e+00	7.5216127350675266e-01	8.2164241368655397e-02	4.4096063217417741e-01	-2.3569836841299896e-01
2.9206994201342606e+00	7.5084421718998429e-01	7.3799332851795824e-02	4.5199464656172156e-01	-2.1377754671514126e-01
2.9452431127404308e+00	7.4967550150333107e-01	6.5481912597340125e-02	4.6193976625564326e-01	-1.9134171618254520e-01
2.9697868053466014e+00	7.4865180473029780e-01	5.7206368778312769e-02	4.7077203259151040e-01	-1.6844492669611000e-01
2.9943304979527716e+00	7.4777024816498361e-01	4.8967210307933537e-02	4.7847016786610441e-01	-1.4514233862723125e-01
3.0188741905589418e+00	7.4702837578425429e-01	4.0759050246864589e-02	4.8501562659727199e-01	-1.2149008995163209e-01
3.0434178831651120e+00	7.4642413713651279e-01	3.2576589822320007e-02	4.9039264020161516e-01	-9.7545161008064360e-02
3.0679615757712821e+00	7.4595587322057411e-01	2.4414602963225961e-02	4.9458825498239045e-01	-7.3365237227681193e-02
3.0925052683774528e+00	7.4562230517047945e-01	1.6267921259492162e-02	4.9759236333609846e-01	-4.9008570164780253e-02
3.1170489609836229e+00	7.4542252560049549e-01	8.1314192566873597e-03	4.9939772810258620e-01	-2.4533837163709046e-02
